 1   22   21  127  629
  2  116  221  222  117
  3  126    3    2  148
  4  219  114  113  218
  5  286  629  127  651
  6  127   21  128  288
  7  631   20   19  129
  8  130  129   19   18
  9  130   18  131  293
 10  132  632   17   16
 11  132   16  133  294
 12  638  633  134  657
 13  134   14  135  297
 14  136  634   13   12
 15  200   95   94  199
 16  136   12  138  310
 17  139   39   38  159
 18  140  635   11   10
 19  140   10  141  315
 20  636    9    8  142
 21  143  142    8    7
 22  144  143    7    6
 23  144    6  145  321
 24  147    4    3  126
 25    1  630  148    2
 26   23   76  628   27
 27   27  628  149   28
 28  191  192   74   73
 29  150   29   28  149
 30  151   30   29  150
 31  152   31   30  151
 32  230  189  188  274
 33   31  152  153   32
 34   32  153  154   33
 35  155   34   33  154
 36  156   35   34  155
 37  157  156  231  278
 38   88  139  338   89
 39   40   25   87  160
 40  197  198   85   84
 41   42   41  161  162
 42   43   42  162  163
 43  232  196  195  280
 44  222  221  233  331
 45  163  164   44   43
 46  125  166   47   46
 47   48   47  166  167
 48   50   49  168  169
 49   51   50  169  170
 50  235  170  169  285
 51   52   51  170  171
 52  339  236  287  392
 53  237  174  173  289
 54  173  174   55   54
 55  174  237  238  175
 56  177  176  292  239
 57  177  178   59   58
 58  239  240  178  177
 59  240  241  179  178
 60   62   61  180  181
 61  295  180  179  241
 62  181  242  243  182
 63   64   63  182  183
 64   65   64  183  184
 65  344  260  199  259
 66  184  185   66   65
 67  137  187   69   68
 68   70   69  187  188
 69  402  302  303  404
 70  189  230  246  190
 71  247  304  341  404
 72   73   72  190  191
 73   76   75  193  628
 74   77   26  124  229
 75  229  124  123  228
 76  227  226  248  335
 77  225  224  333  249
 78  334   79   78  337
 79   81   80  250  194
 80  306  407  342  251
 81  194  195   82   81
 82  252  198  197  307
 83  196  197   84   83
 84   87   86  253  160
 85   88   24   39  139
 86   89  338  254   90
 87  159  255  338  139
 88  371  343  426  456
 89  152  151  302  245
 90  185  300  309  186
 91  259   93   92  275
 92   95  200  201   96
 93  202   97   96  201
 94  203   98   97  202
 95  204   99   98  203
 96  205  100   99  204
 97  207  206  261  316
 98  208  262  263  209
 99  103  208  209  104
100  265  652  264  320
101  107  212  213  108
102  213  212  645  266
103  146  637    5    4
104  215  110  109  214
105  216  111  110  215
106  218  113  112  217
107  383  273  326  673
108  114  219  220  115
109  115  220  221  116
110  223  222  331  332
111  224  119  118  223
112  225  120  119  224
113  226  121  120  225
114  122  227  228  123
115   49   48  167  168
116   22  629  630    1
117   46   45  165  125
118  217  112  111  216
119  128   21   20  631
120   53   52  171  172
121  172  173   54   53
122  174  175   56   55
123  131   18   17  632
124  175  176   57   56
125  176  177   58   57
126  133   16   15  633
127  178  179   60   59
128   15   14  134  633
129  179  180   61   60
130  135   14   13  634
131   63   62  181  182
132  138   12   11  635
133  244  268  201  200
134   68   67  186  137
135  299  267  399  346
136   37  158  159   38
137  157   36   35  156
138  141   10    9  636
139  206  101  100  205
140  102  207  208  103
141  104  209  210  105
142  105  210  211  106
143  145    6    5  637
144  211  212  107  106
145  108  213  214  109
146  146    4  147  324
147  216  215  271  270
148  273  272  219  218
149  327  234  433  443
150   72   71  189  190
151   71   70  188  189
152  258  187  137  301
153  275   92   91  277
154   90  254  277   91
155  259  275  348  344
156   36  157  158   37
157  260  344  427  340
158  160  161   41   40
159   83   82  195  196
160  280  195  194  372
161   45   44  164  165
162  306  162  161  308
163  516  405  349  450
164  220  219  272  283
165  285  350  347  235
166  392  287  235  347
167  288  352  651  127
168  170  235  287  171
169  289  394  393  237
170  172  236  289  173
171  290  642  429  655
172  292  238  354  291
173  239  293  653  240
174  356  294  133  296
175  242  181  180  295
176  396  357  242  295
177  470  399  397  667
178  267  183  182  243
179  299  184  183  267
180  340  359  244  260
181   67   66  185  186
182  184  299  300  185
183  303  302  151  150
184  305  303  150  149
185  193  305  149  628
186  247  305  193  192
187   75   74  192  193
188  223  118  117  222
189  160  253  308  161
190  232  307  197  196
191  198  252  308  253
192   86   85  198  253
193  199   94   93  259
194  506  461  440  475
195  410  361  311  268
196  202  201  268  311
197  361  453  441  409
198  206  205  314  261
199  205  204  269  314
200  101  206  207  102
201  643  364  432  317
202  319  264  211  210
203  263  364  659  319
204  652  212  211  264
205  265  321  365  645
206  146  382  641  637
207  266  323  214  213
208  217  216  270  326
209  234  327  148  630
210  330  125  165  282
211  282  165  164  281
212  332  331  367  424
213  375  282  281  389
214  249  248  226  225
215  336  369  334  337
216   80   79  334  250
217  121  226  227  122
218  336  335  370  369
219   77  229  337   78
220  460  529  491  459
221  274  188  187  258
222  156  155  276  231
223  155  154  256  276
224  372  194  250  376
225  281  164  163  251
226  221  220  283  233
227  329  166  125  330
228  351  433  234  286
229  285  169  168  284
230  284  168  167  328
231  236  172  171  287
232  655  429  237  393
233  130  650  291  129
234  650  239  292  291
235  657  434  296  638
236  200  199  260  244
237  245  257  153  152
238  190  246  304  191
239  379  374  257  245
240  247  192  191  304
241  435  370  425  438
242  389  281  251  342
243  335  248  425  370
244  251  163  162  306
245  254  338  255  385
246  159  158  279  255
247  279  278  377  386
248  374  378  256  257
249  257  256  154  153
250  258  301  401  380
251  301  137  186  309
252  348  436  427  344
253  138  313  360  310
254  646  362  662  640
255  316  262  208  207
256  432  262  363  317
257  659  364  643  648
258  210  209  263  319
259  664  264  319  659
260  318  320  264  664
261  321  265  320  144
262  265  645  212  652
263  145  637  641  322
264  135  298  358  297
265  136  647  639  634
266  204  203  312  269
267  324  147  325  416
268  418  644  327  443
269  215  214  323  271
270  322  641  382  654
271  326  273  218  217
272  540  483  481  498
273  385  384  277  254
274  385  386  437  384
275  158  157  278  279
276  377  449  437  386
277  438  425  388  445
278  349  405  232  280
279  345  390  272  273
280  328  167  166  329
281  283  272  390  391
282  629  286  234  630
283  288  128  290  353
284  655  393  353  290
285  236  339  394  289
286  290  128  631  642
287  642  291  354  429
288  239  650  130  293
289  292  176  175  238
290  131  663  653  293
291  294  356  395  355
292  633  638  296  133
293  355  395  241  240
294  634  639  298  135
295  357  397  243  242
296  470  667  517  503
297  494  548  528  426
298  408  400  309  300
299  402  404  341  440
300  305  247  404  303
301  405  406  307  232
302  308  252  407  306
303  346  408  300  299
304  635  640  313  138
305  453  497  505  441
306  203  202  311  312
307  268  244  359  410
308  480  413  316  261
309  409  412  269  312
310  315  141  317  363
311  413  363  262  316
312  261  314  411  480
313  141  636  643  317
314  143  318  648  142
315  320  318  143  144
316  321  145  322  365
317  365  414  266  645
318  147  126  644  325
319  649  442  366  415
320  126  148  327  644
321  673  672  417  383
322  549  521  520  676
323  233  283  391  422
324  421  329  330  368
325  224  223  332  333
326  423  388  249  333
327  335  336  228  227
328  229  228  336  337
329  286  651  446  351
330  496  352  469  468
331  301  309  400  401
332  245  302  402  379
333  246  230  371  403
334  304  246  403  341
335  343  371  230  274
336  274  258  380  343
337  276  256  378  381
338  419  284  328  420
339  310  360  447  398
340  347  350  444  448
341  350  285  284  419
342  277  384  348  275
343  282  375  368  330
344  280  372  450  349
345  420  328  329  421
346  514  525  590  595
347  448  451  392  347
348  446  651  352  496
349  353  469  352  288
350  429  354  238  237
351  395  396  295  241
352  356  656  396  395
353  474  380  401  473
354  361  409  312  311
355  537  477  439  576
356  432  364  263  262
357  442  416  498  481
358  331  233  422  367
359  250  334  369  376
360  248  249  388  425
361  435  376  369  370
362  297  358  457  373
363  378  460  459  381
364  530  499  464  463
365  278  231  387  377
366  437  449  515  436
367  500  436  515  622
368  231  276  381  387
369  416  442  649  324
370  273  383  482  345
371  386  385  255  279
372  455  527  501  668
373  463  342  407  406
374  390  465  466  391
375  419  420  485  467
376  393  394  469  353
377  451  468  339  392
378  434  656  356  296
379  470  503  493  430
380  267  243  397  399
381  471  298  639  660
382  513  504  360  313
383  476  408  346  430
384  538  677  670  507
385  473  401  400  472
386  530  463  406  405
387  252  307  406  407
388  412  411  314  269
389  359  439  477  410
390  409  441  478  412
391  479  411  412  478
392  413  480  662  362
393  323  266  414  654
394  365  322  654  414
395  672  671  366  417
396  654  415  271  323
397  644  418  484  325
398  366  442  481  417
399  675  492  678  508
400  417  481  483  383
401  489  422  391  466
402  487  458  502  543
403  421  368  487  488
404  332  424  423  333
405  501  674  587  668
406  423  454  445  388
407  452  343  380  474
408  500  511  427  436
409  389  464  458  375
410  510  512  445  454
411  430  346  399  470
412  550  625  599  670
413  374  431  460  378
414  431  374  379  461
415  666  513  662  480
416  525  468  451  523
417  669  656  434  661
418  450  372  455  668
419  348  384  437  436
420  515  449  462  524
421  449  377  387  462
422  454  423  424  490
423  517  457  518  503
424  439  359  340  519
425  519  340  427  511
426  402  440  461  379
427  341  403  475  440
428  453  361  410  477
429  649  415  654  382
430  520  443  433  595
431  540  578  552  492
432  350  419  467  444
433  597  596  621  679
434  490  424  367  486
435  448  495  523  451
436  514  351  446  496
437  462  387  381  459
438  459  491  524  462
439  455  372  376  435
440  496  468  525  514
441  426  343  452  494
442  535  476  430  493
443  413  362  315  363
444  486  367  422  489
445  458  487  368  375
446  435  438  527  455
447  403  371  456  475
448  665  503  518  658
449  541  510  454  490
450  555  506  681  609
451  389  342  463  464
452  465  390  345  482
453  544  485  488  509
454  465  508  522  466
455  420  421  488  485
456  394  339  468  469
457  298  471  658  358
458  504  551  447  360
459  472  400  408  476
460  533  474  473  526
461  476  535  536  472
462  562  614  560  519
463  505  683  677  538
464  479  507  539  666
465  480  411  479  666
466  578  540  498  484
467  482  383  483  675
468  416  325  484  498
469  418  521  578  484
470  428  516  587  557
471  467  542  531  444
472  502  458  464  499
473  568  584  522  686
474  589  565  559  603
475  431  461  506  555
476  520  595  590  676
477  482  675  508  465
478  396  656  669  357
479  669  661  517  667
480  447  532  660  398
481  534  452  474  533
482  622  591  562  500
483  495  448  444  531
484  612  697  575  691
485  497  453  477  537
486  602  428  557  682
487  450  668  587  516
488  486  489  546  547
489  457  358  658  518
490  441  505  538  478
491  563  497  537  561
492  528  475  456  426
493  506  475  528  681
494  666  539  504  513
495  552  549  593  564
496  545  546  489  466
497  509  488  487  543
498  510  559  565  512
499  594  567  687  623
500  501  527  512  565
501  438  445  512  527
502  507  479  478  538
503  590  525  523  607
504  516  428  530  405
505  457  517  661  373
506  532  566  471  660
507  534  533  572  588
508  595  433  351  514
509  521  418  443  520
510  545  466  522  584
511  568  685  596  618
512  593  549  676  621
513  591  622  570  688
514  526  473  472  536
515  529  460  431  555
516  548  609  681  528
517  499  530  428  602
518  542  467  485  544
519  624  601  605  625
520  660  639  647  398
521  556  572  533  526
522  519  560  576  439
523  494  452  534  567
524  574  573  598  691
525  535  573  574  536
526  497  563  683  505
527  599  551  504  539
528  483  540  492  675
529  490  486  547  541
530  541  579  559  510
531  558  580  542  544
532  581  684  602  682
533  689  693  583  586
534  684  586  543  502
535  545  584  582  546
536  546  582  585  547
537  583  509  543  586
538  491  571  570  524
539  495  531  553  569
540  492  552  564  678
541  493  554  573  535
542  566  601  554  665
543  532  447  551  605
544  521  549  552  578
545  531  542  580  553
546  686  678  564  568
547  554  493  503  665
548  526  536  575  556
549  544  509  583  558
550  579  541  547  585
551  562  519  511  500
552  575  536  574  691
553  577  677  683  615
554  682  674  589  581
555  665  658  471  566
556  605  601  566  532
557  548  494  567  594
558  596  597  606  618
559  686  522  508  678
560  569  607  523  495
561  491  529  692  571
562  594  608  609  548
563  692  529  555  609
564  556  592  610  572
565  700  610  592  561
566  563  613  615  683
567  612  691  598  680
568  613  592  697  612
569  576  560  604  700
570  677  577  550  670
571  615  613  612  611
572  579  627  603  559
573  693  617  558  583
574  602  684  502  499
575  580  558  617  606
576  620  600  616  627
577  567  534  588  687
578  557  587  674  682
579  562  591  699  614
580  570  571  608  688
581  700  604  626  610
582  575  697  592  556
583  626  696  687  588
584  597  553  580  606
585  685  568  564  593
586  569  553  597  679
587  601  598  573  554
588  680  624  611  612
589  539  507  670  599
590  600  695  694  616
591  603  627  616  689
592  603  690  581  589
593  700  561  537  576
594  604  560  614  626
595  611  624  625  550
596  623  688  608  594
597  609  608  571  692
598  588  572  610  626
599  561  592  613  563
600  611  550  577  615
601  688  623  699  591
602  617  693  694  695
603  690  603  689  586
604  600  620  698  619
605  584  568  618  619
606  584  619  698  582
607  620  585  582  698
608  621  596  685  593
609  590  679  621  676
610  622  515  524  570
611  598  601  624  680
612  605  551  599  625
613  627  579  585  620
614  642  631  129  291
615  632  132  663  131
616  640  635  140  646
617  643  636  142  648
618  647  136  310  398
619  382  146  324  649
620  646  140  315  362
621  657  134  297  373
622  659  648  318  664
623  663  132  294  355
624  434  657  373  661
625  663  355  240  653
626  313  640  662  513
627  397  357  669  667
628  270  271  671  672
629  270  672  673  326
630  674  501  565  589
631  671  271  415  366
632  679  590  607  569
633  693  689  616  694
634  581  690  586  684
635  696  699  623  687
636  695  600  619  618
637  699  696  626  614
638  695  618  606  617