1     -0.264578193      0.296838254       
      2     -0.321468771      0.298844397       
      3     -0.376620054      0.284741342       
      4      -0.42556408       0.25567165       
      5      -0.46433562      0.213990375       
      6     -0.489793658       0.16307427       
      7     -0.499875754      0.107048266       
      8     -0.493765116     0.0504512489       
      9      -0.47195676     -0.00213162205       
     10     -0.436217517     -0.0464403965       
     11     -0.389442712     -0.0788854361       
     12     -0.335421801     -0.0968382433       
     13     -0.278531224     -0.0988443941       
     14     -0.223379925     -0.0847413465       
     15     -0.174435928     -0.0556716546       
     16     -0.135664389     -0.0139903734       
     17     -0.110206328     0.0369257294       
     18     -0.100124232     0.0929517373       
     19     -0.106234878      0.149548754       
     20     -0.128043234      0.202131629       
     21     -0.163782492      0.246440396       
     22     -0.210557282      0.278885424       
     23      0.200000003      -1.39999998       
     24     -0.800000012      -1.39999998       
     25      0.200000003       1.60000002       
     26     -0.800000012       1.60000002       
     27      0.128571436      -1.39999998       
     28     0.0571428575      -1.39999998       
     29     -0.0142857144      -1.39999998       
     30     -0.0857142881      -1.39999998       
     31     -0.157142863      -1.39999998       
     32      -0.22857143      -1.39999998       
     33     -0.300000012      -1.39999998       
     34     -0.371428579      -1.39999998       
     35     -0.442857146      -1.39999998       
     36     -0.514285743      -1.39999998       
     37     -0.585714281      -1.39999998       
     38     -0.657142878      -1.39999998       
     39     -0.728571415      -1.39999998       
     40      0.200000003        1.5210526       
     41      0.200000003       1.44210529       
     42      0.200000003       1.36315787       
     43      0.200000003       1.28421056       
     44      0.200000003       1.20526314       
     45      0.200000003       1.12631583       
     46      0.200000003       1.04736841       
     47      0.200000003      0.968421042       
     48      0.200000003      0.889473677       
     49      0.200000003      0.810526311       
     50      0.200000003      0.731578946       
     51      0.200000003      0.652631581       
     52      0.200000003      0.573684216       
     53      0.200000003       0.49473685       
     54      0.200000003      0.415789485       
     55      0.200000003       0.33684212       
     56      0.200000003      0.257894725       
     57      0.200000003      0.178947374       
     58      0.200000003      0.100000001       
     59      0.200000003     0.0210526325       
     60      0.200000003     -0.0578947365       
     61      0.200000003     -0.136842102       
     62      0.200000003     -0.215789467       
     63      0.200000003     -0.294736832       
     64      0.200000003     -0.373684198       
     65      0.200000003     -0.452631593       
     66      0.200000003     -0.531578958       
     67      0.200000003     -0.610526323       
     68      0.200000003     -0.689473689       
     69      0.200000003     -0.768421054       
     70      0.200000003     -0.847368419       
     71      0.200000003     -0.926315784       
     72      0.200000003      -1.00526321       
     73      0.200000003      -1.08421052       
     74      0.200000003      -1.16315794       
     75      0.200000003      -1.24210525       
     76      0.200000003      -1.32105267       
     77     -0.716666639       1.60000002       
     78     -0.633333325       1.60000002       
     79     -0.550000012       1.60000002       
     80     -0.466666669       1.60000002       
     81     -0.383333325       1.60000002       
     82     -0.300000012       1.60000002       
     83     -0.216666669       1.60000002       
     84      -0.13333334       1.60000002       
     85     -0.0500000007       1.60000002       
     86     0.0333333351       1.60000002       
     87      0.116666667       1.60000002       
     88     -0.800000012      -1.32105267       
     89     -0.800000012      -1.24210525       
     90     -0.800000012      -1.16315794       
     91     -0.800000012      -1.08421052       
     92     -0.800000012      -1.00526321       
     93     -0.800000012     -0.926315784       
     94     -0.800000012     -0.847368419       
     95     -0.800000012     -0.768421054       
     96     -0.800000012     -0.689473689       
     97     -0.800000012     -0.610526323       
     98     -0.800000012     -0.531578958       
     99     -0.800000012     -0.452631593       
    100     -0.800000012     -0.373684198       
    101     -0.800000012     -0.294736832       
    102     -0.800000012     -0.215789467       
    103     -0.800000012     -0.136842102       
    104     -0.800000012     -0.0578947365       
    105     -0.800000012     0.0210526325       
    106     -0.800000012      0.100000001       
    107     -0.800000012      0.178947374       
    108     -0.800000012      0.257894725       
    109     -0.800000012       0.33684212       
    110     -0.800000012      0.415789485       
    111     -0.800000012       0.49473685       
    112     -0.800000012      0.573684216       
    113     -0.800000012      0.652631581       
    114     -0.800000012      0.731578946       
    115     -0.800000012      0.810526311       
    116     -0.800000012      0.889473677       
    117     -0.800000012      0.968421042       
    118     -0.800000012       1.04736841       
    119     -0.800000012       1.12631583       
    120     -0.800000012       1.20526314       
    121     -0.800000012       1.28421056       
    122     -0.800000012       1.36315787       
    123     -0.800000012       1.44210529       
    124     -0.800000012        1.5210526       
    125       0.12778841       1.05140245       
    126     -0.377512097      0.344912499       
    127      -0.15856266      0.331242591       
    128     -0.0986926705      0.279327512       
    129     -0.0534801334      0.173284978       
    130     -0.0366231911      0.121149957       
    131     -0.0522721112     0.0493894964       
    132     -0.074512288     -0.011857694       
    133     -0.105914906     -0.0720389932       
    134     -0.171673462     -0.128606141       
    135     -0.232325509     -0.160125747       
    136     -0.318148971     -0.165461153       
    137      0.125995964     -0.691246033       
    138      -0.38891536     -0.165089384       
    139     -0.729320049      -1.32260084       
    140     -0.465241045     -0.117539771       
    141     -0.516914904     -0.0642508045       
    142     -0.538153231     0.0387379341       
    143      -0.54979229     0.0939105153       
    144     -0.562461436      0.141948804       
    145     -0.541528761        0.2166522       
    146     -0.489242107      0.293420047       
    147     -0.426903933      0.344399542       
    148     -0.320513576      0.346514016       
    149     0.0583376475      -1.32362568       
    150     -0.013123475      -1.32490182       
    151     -0.0846518949      -1.32631934       
    152     -0.156220108        -1.327842       
    153     -0.227803722      -1.32923245       
    154     -0.299669832      -1.33005655       
    155     -0.371495724      -1.32998502       
    156     -0.443488449      -1.32904482       
    157     -0.515224576      -1.32753563       
    158     -0.586666763      -1.32572532       
    159     -0.658086717      -1.32401097       
    160      0.118770063       1.52272701       
    161      0.120587803       1.44479287       
    162       0.12234284       1.36664414       
    163       0.12391942       1.28833616       
    164      0.125404119       1.20957994       
    165      0.126812577       1.13046861       
    166      0.128856942      0.972162187       
    167      0.129840121      0.893075705       
    168      0.130706593      0.814153314       
    169      0.131473854      0.735183835       
    170      0.131990567      0.656364262       
    171      0.132369965      0.577436507       
    172      0.132359296       0.49854511       
    173      0.131916299      0.418294013       
    174      0.131938174      0.336758226       
    175        0.1363644       0.25625518       
    176      0.134169564      0.177808166       
    177      0.127796277     0.0980245471       
    178      0.126616076     0.0144732958       
    179      0.131724074     -0.0675375536       
    180      0.135728061     -0.147085875       
    181      0.137329936      -0.22455126       
    182      0.137023911     -0.300710201       
    183      0.135191873     -0.377056539       
    184      0.132785514     -0.454304516       
    185        0.1304456     -0.532356799       
    186      0.128123537     -0.611231685       
    187      0.124244682     -0.771421432       
    188      0.123734094     -0.851035774       
    189       0.12567544     -0.930902839       
    190       0.12760447       -1.0102452       
    191      0.128817111      -1.08859921       
    192       0.12952581      -1.16678143       
    193      0.129785836      -1.24466586       
    194     -0.380608171        1.5130074       
    195     -0.294233054        1.5188309       
    196     -0.210007265       1.52153301       
    197     -0.127743959       1.52264488       
    198     -0.0453428216       1.52329183       
    199     -0.728362083     -0.847070396       
    200     -0.730498791     -0.768202841       
    201     -0.732193708     -0.689753711       
    202      -0.73300153     -0.611349404       
    203     -0.732398272     -0.532399774       
    204     -0.730280578     -0.452154726       
    205     -0.727657616     -0.370993048       
    206     -0.726200879     -0.290070564       
    207     -0.727684498     -0.209934875       
    208     -0.731378257     -0.131418675       
    209     -0.739657998     -0.0553154275       
    210     -0.742714405     0.0207161475       
    211     -0.739442885     0.0970069095       
    212       -0.7284078      0.179858029       
    213     -0.740146995      0.265252501       
    214     -0.740169704       0.34051308       
    215     -0.736883998       0.41667366       
    216     -0.738100469      0.494963586       
    217     -0.735472381      0.574086666       
    218     -0.729200482      0.651508689       
    219     -0.729359329      0.731740654       
    220     -0.730080664      0.811239779       
    221     -0.730039358      0.890163004       
    222      -0.72971487      0.969111145       
    223      -0.72889024       1.04817247       
    224     -0.727394581       1.12742805       
    225     -0.725392461       1.20693588       
    226     -0.723407686       1.28645253       
    227     -0.721737385       1.36562872       
    228     -0.720226526       1.44424295       
    229     -0.718536913       1.52225685       
    230      0.051214546     -0.936450779       
    231     -0.441681057      -1.25846493       
    232     -0.201978981       1.44372904       
    233      -0.66221422      0.889501035       
    234     -0.258424461      0.396771908       
    235     0.0650680736      0.658999562       
    236      0.066113323       0.50155884       
    237     0.0622586422      0.333394676       
    238     0.0799763352      0.252601594       
    239     0.0561529472      0.101905562       
    240     0.0543273948     0.00582423434       
    241     0.0698898733     -0.0795704126       
    242      0.076256685     -0.231075078       
    243     0.0743108988     -0.303549349       
    244     -0.662788332     -0.766582429       
    245     -0.155363351      -1.25676632       
    246     0.0548671819      -1.01591337       
    247     0.0582263805      -1.17058146       
    248     -0.647970438       1.28589976       
    249      -0.65277046       1.20581317       
    250     -0.467111647       1.51578057       
    251      0.047967691       1.29080355       
    252     -0.0402431153       1.44609106       
    253     0.0369027965       1.52340519       
    254     -0.726936102      -1.16512966       
    255     -0.656859875      -1.24694335       
    256     -0.298181862      -1.26158059       
    257     -0.226514518      -1.25994909       
    258     0.0472855493     -0.771947682       
    259     -0.726266801      -0.92681241       
    260     -0.658600867     -0.843843877       
    261     -0.651665092     -0.286997795       
    262     -0.656779945     -0.118384443       
    263     -0.682592154     -0.0467549078       
    264     -0.676162779     0.0888587907       
    265     -0.638737082      0.168297499       
    266     -0.682893515      0.276473105       
    267     0.0700853467     -0.376774907       
    268     -0.666483283     -0.689715922       
    269     -0.664130628     -0.455581337       
    270     -0.680900812      0.496081442       
    271     -0.666721463      0.416682601       
    272     -0.662697613      0.732848346       
    273     -0.653446674      0.644531846       
    274     0.0441577211     -0.854144454       
    275     -0.724431098      -1.00619161       
    276     -0.369656622      -1.26099491       
    277     -0.724895597      -1.08541572       
    278     -0.513370454      -1.25448775       
    279     -0.584790349      -1.25014412       
    280     -0.283256412       1.44386792       
    281     0.0517406538       1.21182871       
    282     0.0549651235       1.13250518       
    283     -0.662902951      0.811073661       
    284      0.062810719      0.816120982       
    285     0.0644076541      0.737342179       
    286     -0.206308141      0.390861422       
    287      0.065664582      0.579714119       
    288     -0.107230902      0.341944426       
    289     0.0669271648      0.421131283       
    290     -0.0487377159       0.30093804       
    291     0.00872521568      0.197931394       
    292     0.0736038983      0.181813613       
    293     -0.00632953411      0.075341776       
    294     -0.0586031526     -0.058168754       
    295     0.0759534761     -0.156326771       
    296     -0.0865108073     -0.120072484       
    297     -0.187611312     -0.178643301       
    298     -0.237618551     -0.219236344       
    299      0.065242976     -0.452331156       
    300      0.060798455     -0.529758751       
    301     0.0520051941     -0.689649999       
    302     -0.0839451551      -1.25339508       
    303     -0.0126131037      -1.25020289       
    304     0.0568440482      -1.09323323       
    305     0.0587294959      -1.24734688       
    306     0.0442299992       1.36863947       
    307     -0.121559821       1.44469345       
    308     0.0404715687       1.44612217       
    309     0.0564317144     -0.608957112       
    310     -0.358582497     -0.204189211       
    311     -0.668471158     -0.613044024       
    312     -0.668097854     -0.535742044       
    313     -0.427606761     -0.219857514       
    314     -0.657634556     -0.372382432       
    315     -0.522708714     -0.120264769       
    316      -0.65552932     -0.203175098       
    317     -0.576042175     -0.073963128       
    318     -0.598402202      0.077032432       
    319      -0.68804723      0.019584097       
    320     -0.618018687      0.120100886       
    321     -0.587942421      0.190617085       
    322     -0.578929603      0.262203366       
    323     -0.678381562      0.339793563       
    324     -0.479885012      0.355384976       
    325     -0.422553003      0.413064629       
    326     -0.676588178      0.569245458       
    327     -0.314891547      0.402573287       
    328     0.0612344444      0.894822955       
    329     0.0594459437      0.973928392       
    330     0.0575061217       1.05314887       
    331     -0.661812544      0.968434095       
    332     -0.660301208       1.04720175       
    333     -0.657259405       1.12615645       
    334     -0.552524984       1.51981211       
    335     -0.643547833       1.36558473       
    336     -0.639586985       1.44416189       
    337     -0.636020839       1.52173448       
    338     -0.728406966      -1.24403048       
    339     -0.00233588507      0.502972901       
    340     -0.588358104       -0.8360219       
    341     -0.0156756118      -1.09848428       
    342     -0.0269821733        1.2906152       
    343     -0.0466636568     -0.858918011       
    344      -0.65304935     -0.923603117       
    345     -0.602536976       0.67638433       
    346     -0.00249468326     -0.446017057       
    347     -0.000481867115      0.660253525       
    348     -0.645592153      -1.00473511       
    349     -0.268078983       1.38582647       
    350     -0.00143656344      0.738200247       
    351     -0.200658962      0.443155318       
    352     -0.113127075       0.40276888       
    353     -0.0544788055      0.355891824       
    354     0.0366448872      0.247449398       
    355     -0.00623961259     -0.0380727723       
    356     -0.0419203192     -0.111101054       
    357     0.0179058015     -0.232968971       
    358     -0.196619287     -0.232116342       
    359      -0.59553504     -0.762111247       
    360       -0.3921175     -0.253663361       
    361     -0.606231749     -0.614969969       
    362     -0.525638402     -0.178863809       
    363     -0.584477067     -0.128440186       
    364     -0.632089317     -0.0322219394       
    365      -0.61680758      0.237696886       
    366     -0.582052529      0.440601587       
    367     -0.597605586      0.966719687       
    368     -0.0112513853       1.05294776       
    369     -0.557423413       1.44077146       
    370     -0.565226555       1.36127377       
    371     -0.0197812244     -0.946037114       
    372     -0.374729037       1.41664267       
    373     -0.140446812     -0.201455057       
    374     -0.225660414      -1.19257355       
    375     -0.0146113019       1.13180864       
    376     -0.471718192       1.43225944       
    377     -0.507962942      -1.18053162       
    378     -0.295423508      -1.19546151       
    379     -0.155193686      -1.18683457       
    380     -0.0308203157     -0.766757071       
    381     -0.365769714      -1.19384491       
    382     -0.544627905       0.31716311       
    383     -0.584634542      0.585313618       
    384     -0.648103535      -1.08675432       
    385     -0.652995706      -1.16784871       
    386      -0.57975328      -1.17258775       
    387     -0.436322451      -1.18811393       
    388     -0.582775533       1.20097876       
    389     -0.0197337903       1.21102202       
    390     -0.600848198      0.736023724       
    391     -0.596069694      0.809456587       
    392     -0.00113334355      0.581030965       
    393     0.000207810343      0.358382732       
    394     0.00220906595      0.426086158       
    395     0.0113417394     -0.0972653255       
    396     0.0188598521     -0.164200902       
    397     0.0126847383     -0.301529706       
    398     -0.326168627      -0.23990874       
    399     0.00509191351     -0.371562481       
    400     -0.0150216874     -0.603397071       
    401     -0.0216597933     -0.683672369       
    402     -0.0844672099      -1.18025577       
    403     -0.018136546      -1.02260816       
    404     -0.0133705512      -1.17491221       
    405     -0.199334905       1.35795152       
    406     -0.114033312       1.36596322       
    407     -0.0343016274       1.36861074       
    408     -0.00872321706     -0.523328662       
    409      -0.60692656     -0.540658951       
    410     -0.602511168     -0.688257813       
    411     -0.592342019     -0.380604386       
    412     -0.603008449     -0.463429332       
    413     -0.586977959     -0.197208926       
    414     -0.637726486      0.278657168       
    415     -0.598935127      0.384924233       
    416     -0.474893212      0.421280771       
    417     -0.577135563      0.505132198       
    418     -0.362264931      0.469567835       
    419     -0.00312707759      0.816095471       
    420     -0.00535339629      0.894569814       
    421     -0.00793584157      0.973645389       
    422      -0.59789139      0.887717605       
    423     -0.589921296       1.12210262       
    424      -0.59538728       1.04426444       
    425     -0.574418008       1.28054273       
    426     -0.110322349     -0.917963266       
    427     -0.583569527     -0.912665963       
    428     -0.220014647       1.25541008       
    429     0.0146666681      0.286443055       
    430     -0.0697776899     -0.435126662       
    431     -0.226241276      -1.12820482       
    432     -0.621089756     -0.0736632571       
    433     -0.251119137      0.454063088       
    434     -0.0833571106     -0.168355659       
    435     -0.487207115       1.35077107       
    436     -0.555354893     -0.997862875       
    437     -0.570709407      -1.09090865       
    438     -0.503136098       1.26951659       
    439     -0.527542055     -0.752200842       
    440     -0.0878070444      -1.10547137       
    441     -0.548167884     -0.546129644       
    442     -0.529366672      0.431269079       
    443     -0.306488097      0.462336123       
    444     -0.0649958178      0.738119423       
    445      -0.51582098       1.19106257       
    446     -0.164850652      0.430839449       
    447     -0.351031929     -0.287690431       
    448     -0.0635519624      0.661984384       
    449     -0.497154951      -1.10508752       
    450     -0.311597884       1.35077178       
    451     -0.0667499229      0.584826708       
    452     -0.128432572     -0.820189476       
    453     -0.545463562     -0.615551233       
    454     -0.525818765       1.11446273       
    455     -0.413043112       1.33024287       
    456     -0.0746933967     -0.960475206       
    457      -0.15062049     -0.250588387       
    458     -0.0817417949       1.12873662       
    459     -0.359102517      -1.12925673       
    460     -0.292050213      -1.13262749       
    461      -0.15810138       -1.1186043       
    462     -0.426503748      -1.11919069       
    463     -0.0997598022       1.28656733       
    464     -0.0879434049       1.20704806       
    465     -0.542056978      0.724101305       
    466     -0.524793863      0.803893209       
    467     -0.0666173249      0.814693987       
    468     -0.0799032599      0.501459777       
    469     -0.0595741533      0.420619845       
    470     -0.0609007776     -0.360600382       
    471     -0.244509667     -0.278234333       
    472     -0.0874298438     -0.593903482       
    473     -0.0950653553     -0.673250258       
    474     -0.107316837      -0.74963671       
    475     -0.0978134871      -1.02476537       
    476     -0.0770784542     -0.513329506       
    477     -0.538805068     -0.683264971       
    478     -0.545240879     -0.474380583       
    479     -0.533020079     -0.400354207       
    480     -0.570981145      -0.28629297       
    481     -0.524117827      0.498514771       
    482     -0.557637453       0.65397507       
    483     -0.518620014      0.568172276       
    484     -0.415668458      0.478382558       
    485     -0.0691835359      0.892368257       
    486     -0.538439333      0.964308679       
    487     -0.0781648308       1.05018067       
    488     -0.0732470304      0.970946431       
    489       -0.5384956      0.888002455       
    490     -0.533937335        1.0391593       
    491     -0.348444313      -1.06874228       
    492     -0.449962795      0.617644966       
    493     -0.134793416     -0.423224837       
    494      -0.16546309      -0.88166821       
    495     -0.124558315      0.666161358       
    496     -0.133387104       0.45717442       
    497     -0.483787149     -0.612556934       
    498     -0.469265997      0.488301516       
    499     -0.150553361       1.20030642       
    500     -0.491844326      -0.93314296       
    501     -0.373143911       1.22891116       
    502     -0.145903632       1.12441051       
    503     -0.130888641       -0.3413046       
    504     -0.424805492      -0.30627808       
    505     -0.490932196     -0.549541175       
    506     -0.168268949      -1.05621684       
    507     -0.478218585     -0.421409369       
    508     -0.488269448      0.701465428       
    509     -0.136867806      0.965595961       
    510     -0.463261455       1.10272038       
    511     -0.528039873     -0.894159973       
    512     -0.451401591       1.17622817       
    513     -0.468355179     -0.272904783       
    514     -0.180209547      0.491396934       
    515     -0.476745069      -1.03171468       
    516     -0.256242543       1.30783224       
    517     -0.102194436     -0.276659846       
    518     -0.163375869     -0.290832818       
    519       -0.5078004     -0.827280998       
    520     -0.295986235      0.523517549       
    521     -0.352923989      0.532182395       
    522     -0.465961307      0.764559507       
    523     -0.129262701      0.598671675       
    524     -0.409635454      -1.05342042       
    525     -0.151733488       0.54180187       
    526     -0.168162972     -0.662717879       
    527     -0.436070383       1.25134754       
    528     -0.150952324     -0.971645534       
    529      -0.28860116      -1.07535112       
    530     -0.166146263        1.2757175       
    531     -0.125754878      0.738085926       
    532     -0.303575814      -0.31796962       
    533     -0.181131452      -0.73184824       
    534     -0.199782342      -0.79466629       
    535     -0.140301794       -0.4997949       
    536      -0.16402325     -0.580409884       
    537     -0.473577648     -0.672992945       
    538     -0.490664989     -0.485668719       
    539      -0.45490697     -0.361247152       
    540     -0.461648136      0.553943336       
    541     -0.474845201       1.03074229       
    542     -0.127215654      0.812221587       
    543     -0.144901171       1.04545844       
    544     -0.130130544      0.887487113       
    545     -0.478488058       0.83710438       
    546     -0.484936535      0.892671347       
    547     -0.483524501       0.96035111       
    548     -0.204387069     -0.939404249       
    549     -0.344854414      0.594603658       
    550     -0.383939266     -0.466715336       
    551     -0.377816439     -0.339553684       
    552      -0.39792046      0.605231643       
    553     -0.185194656      0.736983955       
    554     -0.198129609     -0.417541027       
    555     -0.230257511      -1.06759024       
    556     -0.242531821     -0.657849133       
    557     -0.258120418       1.23802149       
    558     -0.188888788      0.880705774       
    559     -0.399478495       1.08488774       
    560     -0.439420581     -0.784034848       
    561     -0.404062301     -0.659341514       
    562     -0.449387759     -0.872742593       
    563     -0.420999557     -0.603121221       
    564     -0.388772577      0.670616031       
    565      -0.38757062       1.15721631       
    566     -0.252328813     -0.340414077       
    567     -0.225743115     -0.853696704       
    568     -0.378474712      0.750159323       
    569     -0.181742907      0.668340564       
    570     -0.382546544     -0.991169751       
    571     -0.328612506      -1.01181364       
    572     -0.254570216     -0.718690634       
    573     -0.196194842     -0.486104101       
    574     -0.203415141     -0.537838638       
    575      -0.23642762     -0.598404408       
    576     -0.461110562     -0.731018603       
    577     -0.404724449     -0.498387992       
    578     -0.407246292      0.542580426       
    579     -0.417472184       1.01657188       
    580      -0.18682307      0.808769703       
    581     -0.266182929       1.13415194       
    582     -0.436640292      0.889686108       
    583      -0.19652918      0.955852568       
    584     -0.425813973      0.817894399       
    585     -0.432162136      0.952059507       
    586     -0.217851296       1.04053533       
    587     -0.295273572       1.26343668       
    588     -0.267986506      -0.77804172       
    589     -0.326026529        1.1407814       
    590     -0.219153166      0.581310272       
    591      -0.40067175     -0.907455444       
    592     -0.324279279     -0.643321276       
    593     -0.339781642      0.658744633       
    594     -0.259260029     -0.910492599       
    595     -0.237312168      0.513621092       
    596     -0.294817716      0.727542222       
    597     -0.241722271      0.733638763       
    598      -0.24856995     -0.486951828       
    599     -0.404886752     -0.390357494       
    600      -0.34236148      0.905439138       
    601     -0.267029464     -0.414606571       
    602     -0.206963986       1.19288933       
    603     -0.328487158       1.05921113       
    604     -0.390801817     -0.754482508       
    605     -0.326545149     -0.374279767       
    606     -0.247671187      0.805293977       
    607      -0.17642054      0.614900112       
    608     -0.294658542     -0.962925076       
    609     -0.240417868       -1.0004878       
    610     -0.327882499     -0.710030377       
    611     -0.348655194     -0.502852678       
    612     -0.307435423     -0.546610177       
    613     -0.360697538      -0.58252275       
    614     -0.400845557     -0.823559761       
    615     -0.387032777     -0.533812881       
    616     -0.318175584       0.95712626       
    617     -0.244828016      0.874305785       
    618     -0.317882627      0.803547442       
    619      -0.37137717      0.853073418       
    620     -0.384582072      0.936201692       
    621     -0.287289619      0.656596959       
    622     -0.439707369     -0.965765119       
    623     -0.313060075     -0.884852231       
    624     -0.316517144     -0.459084213       
    625     -0.356747091     -0.422333747       
    626     -0.342434168     -0.775443614       
    627      -0.36304003      0.993007064       
    628      0.129517272      -1.32245314       
    629     -0.205979899      0.335041314       
    630     -0.261389822      0.342986494       
    631     -0.076880537      0.227290437       
    632     -0.0797003359     0.0254351776       
    633     -0.143653661     -0.0952553675       
    634     -0.274535567     -0.157679617       
    635     -0.423807532     -0.138286024       
    636     -0.525519788     -0.0158058852       
    637     -0.510115802      0.250374794       
    638     -0.118938588     -0.125042364       
    639     -0.274160206     -0.211265922       
    640     -0.458139122     -0.190148279       
    641     -0.546704113      0.277485818       
    642     -0.0276284143      0.252039582       
    643     -0.579709768     -0.0238772351       
    644     -0.370500833       0.40798986       
    645     -0.666713297      0.215343818       
    646     -0.482280016     -0.164782107       
    647     -0.304391921     -0.206271946       
    648     -0.587264001     0.0270010717       
    649     -0.537424147      0.370681167       
    650     0.00880235527      0.140628487       
    651     -0.160155967      0.389326155       
    652     -0.680820584      0.146322563       
    653     0.00661989814     0.0284738783       
    654     -0.610104322      0.320193231       
    655     -0.0107113393      0.314078569       
    656     -0.0347338282     -0.168505505       
    657     -0.128984198     -0.156541854       
    658     -0.201409146      -0.28865394       
    659     -0.637887418     0.0185157377       
    660      -0.28575778       -0.2641882       
    661     -0.0894356295     -0.219684571       
    662     -0.505503178     -0.234859049       
    663     -0.0298087504     0.00549986213       
    664     -0.637564898     0.0614656582       
    665     -0.197114304     -0.348773271       
    666     -0.507920623     -0.330185562       
    667     -0.0468853228     -0.293064624       
    668     -0.348787665        1.2954905       
    669     -0.0369755365     -0.228783369       
    670     -0.428505182     -0.441343606       
    671     -0.624472797      0.452285498       
    672     -0.628521383      0.501787603       
    673     -0.631138563      0.553836823       
    674     -0.315590441       1.20627666       
    675     -0.504647195      0.634996831       
    676     -0.286699593      0.588092983       
    677     -0.441663176     -0.493844002       
    678      -0.43720901      0.680811584       
    679     -0.234065101      0.660694838       
    680     -0.289209992     -0.495786428       
    681      -0.18545346      -1.01003683       
    682     -0.261606246        1.1921593       
    683     -0.436343879     -0.546932757       
    684     -0.206299573       1.12383795       
    685     -0.335646152      0.714697599       
    686     -0.426358432      0.733824015       
    687     -0.282638222     -0.832692266       
    688     -0.348133892      -0.93615979       
    689     -0.277291119      0.999645889       
    690     -0.271927834       1.07838416       
    691     -0.247460797      -0.54469341       
    692     -0.287162483      -1.03001869       
    693       -0.2491813      0.939432025       
    694     -0.286907375      0.926489592       
    695     -0.296961635      0.877572834       
    696     -0.328797013     -0.820516646       
    697     -0.289586037     -0.596124649       
    698     -0.399854481      0.892411351       
    699     -0.361961931      -0.85849309       
    700      -0.39536956     -0.711975157       